234,30,361,381,421,441,571,6051,611,615,631,69,711,83,8341,911,QuerdenkerChat,QuerdenkerZwickau,qd334info,qd8341info,querdenken421,querdenken511,querdenken511demoterminekanal,querdenken611_infokanal,querdenken911_termine,querdenken_083,querdenken_201,querdenken_211,querdenken_234,querdenken_30info,querdenken_341,querdenken_351,querdenken_381,querdenken_441,querdenken_571,querdenken_6051,querdenken_615,querdenken_631,querdenken_69,querdenken_7551,querdenken_8441,querdenken_911,querdenken_brandenburg,querdenken_magazin,querdenken_nrw,querdenkerforum
1,0.999221084221868,0.995476129764716,0.998675707123387,0.999155767039774,0.99922717098413,0.99505616267739,0.99502072276381,0.996647289345274,0.961965379614474,0.989707046773812,0.996657872881398,0.911135743549103,0.989447866356578,0.99156120048618,0.997075191940542,0.969723086468325,0.988336376740778,0.993915400964319,0.893823584643211,0.976147038043475,0.992745472464301,0.864723605343208,0.96631960717151,0.91426424906292,0.939479069861093,0.895204384179799,0.999082667897248,0.992785806898706,0.908038825514383,0.967773752878204,0.864202588788286,0.996434155909646,0.968873629485622,0.976066206103938,0.976481732746619,0.966593666358524,0.833232246605759,0.959993022062179,0.988046351964748,0.932591090271734,0.983813584917731,0.992450282559898,0.964145263502503,0.837576520764974,0.974836440444783
0.999221084221868,1,0.997668309222875,0.999574440914668,0.999275826397021,0.9991103517734,0.996614672389843,0.996292727729311,0.998796955272127,0.954215512511941,0.985767797657116,0.997401644624412,0.899122409147968,0.987670360095987,0.993107721679608,0.999131890950746,0.974633456522657,0.993414842756831,0.995929048141489,0.895405831850269,0.974312582074232,0.994780771034633,0.878318542494021,0.960725762190966,0.907190457223569,0.938094640343094,0.883024183573001,0.999821107196169,0.989692623488282,0.914486434931337,0.971759167005637,0.866411833118216,0.992648038241117,0.962481550238719,0.981651114990755,0.969770357849233,0.959744807814669,0.816230019195192,0.951103243734406,0.989782886916665,0.944757352604324,0.988378286448352,0.994257133539553,0.958364792170139,0.829030863187689,0.97886355622872
0.995476129764716,0.997668309222875,1,0.997060535901774,0.997204697168938,0.995643670641545,0.995750117702909,0.997494530443062,0.998334806829627,0.944164191429336,0.978293547070485,0.997605755800937,0.882638643152575,0.984635185758275,0.987686373969768,0.997590021134075,0.984783709174654,0.995068123877058,0.995625400190382,0.894527694551734,0.96842623893403,0.988284202818391,0.875060070574732,0.952690697653044,0.895855812964318,0.936500411567822,0.865630244119969,0.996492018802648,0.985962017279464,0.936213356462732,0.968638830253409,0.855235217987306,0.985340642483546,0.949323142766644,0.979854786320811,0.957963013335481,0.948930598792871,0.794817211230846,0.938838849751561,0.981047288861906,0.950526686649463,0.982839643438924,0.992110774628892,0.949552822136549,0.815944636830841,0.978995967951873
0.998675707123387,0.999574440914668,0.997060535901774,1,0.999263278443148,0.997718947560822,0.994077737412053,0.996706316430265,0.999201872021947,0.948151877330672,0.982094151773676,0.997020068915669,0.891275585870277,0.98293294399207,0.992911286537043,0.998218573150501,0.977156463200484,0.994215388056328,0.993208949844427,0.882935676745992,0.968475469948056,0.994432161405268,0.873026216321562,0.953719025730267,0.896338753707546,0.927976311587846,0.874364459524528,0.999427937027939,0.986174304074502,0.914319334652467,0.975697890534565,0.872963468589244,0.991260551261267,0.956631176885199,0.979750478267382,0.964874095382447,0.953688565229364,0.807796480634653,0.945550513919513,0.991613503239658,0.949434425774864,0.988760544040707,0.991058650449646,0.953424587373408,0.815008084619112,0.982043932312271
0.999155767039774,0.999275826397021,0.997204697168938,0.999263278443148,1,0.997741532741645,0.995035153071205,0.995495664309905,0.998615277017009,0.951066057308326,0.98352148888121,0.996146578586271,0.894463773695128,0.985498828137812,0.993307289117382,0.997041836696689,0.977915256182763,0.991861482263716,0.992934090377695,0.883249885864075,0.968295305778924,0.992503875698032,0.861715108400142,0.956876737237589,0.89986822921413,0.930554765921292,0.877053281257804,0.998619735633145,0.988557851443184,0.921765890497785,0.975251534734909,0.876479416535709,0.9926367328404,0.959430182003162,0.979042132361568,0.968291911312376,0.956247917460331,0.811118442436306,0.948694102576027,0.988585497407504,0.940077013570557,0.984918656980295,0.990693343117748,0.953093318209108,0.81786270754282,0.982396550184303
0.99922717098413,0.9991103517734,0.995643670641545,0.997718947560822,0.997741532741645,1,0.997223114522811,0.994367656957065,0.995928040037883,0.965449399823205,0.991790691437721,0.996747456856047,0.915877468904485,0.992791099856037,0.991041694230774,0.998425357896109,0.965997013538646,0.988824121310848,0.997120344645647,0.909606661879698,0.98253065031925,0.993870938241601,0.880769973786795,0.971445889308009,0.924001816792342,0.950063343202912,0.901291135218336,0.999222755621299,0.994276168514836,0.90438922183797,0.962882110252337,0.85346350107331,0.99555186053314,0.972562163363113,0.979436355337538,0.978441531077381,0.970517656784369,0.837529942731426,0.962417735851425,0.986872642347143,0.933713080136738,0.985702199290514,0.99632391688897,0.968444562183927,0.851611339209409,0.970438144108598
0.99505616267739,0.996614672389843,0.995750117702909,0.994077737412053,0.995035153071205,0.997223114522811,1,0.989581332564387,0.99474073537621,0.956580867594172,0.986030045747302,0.992341656744763,0.901687868782962,0.99333719501499,0.992321336628964,0.997544649637366,0.968131742152677,0.990340394478554,0.998845603333102,0.92056258116673,0.980305744714653,0.99284367562663,0.894227198221557,0.968040266004426,0.922562209014167,0.956010566871482,0.886973768247139,0.996080870160075,0.99066173010997,0.920095416083872,0.964040428392319,0.85811167670757,0.98796313405561,0.967402276593042,0.988438975162196,0.972273077965177,0.96333031811277,0.814717574642423,0.951629413483474,0.982170987018885,0.935141488342842,0.986314217544422,0.998461356291373,0.957209697208453,0.849416979643327,0.972587891450402
0.99502072276381,0.996292727729311,0.997494530443062,0.996706316430265,0.995495664309905,0.994367656957065,0.989581332564387,1,0.996092656335667,0.947473382971903,0.978941247352379,0.999479289746866,0.889922161406696,0.980140608762244,0.980742954702373,0.995415437858156,0.981632264136719,0.991466063078434,0.991447058666457,0.884252162647183,0.967585249774524,0.984546094973308,0.8640235801282,0.951201937219968,0.892558498994137,0.929108388090388,0.873320114784886,0.995656462598913,0.985215876444872,0.921114088157699,0.961540305109323,0.838834603321949,0.987089613261743,0.947469718459227,0.967330987414479,0.95699213546636,0.950316965556589,0.809834893242932,0.943047611836598,0.980043995120315,0.950561319656797,0.978374363280594,0.98703713025874,0.95693364489619,0.81462780074695,0.971966697881466
0.996647289345274,0.998796955272127,0.998334806829627,0.999201872021947,0.998615277017009,0.995928040037883,0.99474073537621,0.996092656335667,1,0.938735976981829,0.976430327451549,0.995860473985839,0.87671346104287,0.980499063123854,0.993491148086079,0.998153091771801,0.982919005410677,0.997163761796638,0.993438137527948,0.881175163870779,0.963598009438924,0.99374359640473,0.877595751031434,0.946793891670171,0.88716686771621,0.924973249277342,0.859056058039131,0.998195198705345,0.98233975625699,0.926754886791551,0.979384134454785,0.878056494794395,0.98621032572265,0.948608408141313,0.983855260522514,0.957190094419298,0.944999239132117,0.787492391778863,0.935054487140928,0.990149813318205,0.956155544321122,0.989693362600222,0.990827957643612,0.944065448204284,0.803029861362678,0.986314439813749
0.961965379614474,0.954215512511941,0.944164191429336,0.948151877330672,0.951066057308326,0.965449399823205,0.956580867594172,0.947473382971903,0.938735976981829,1,0.990654072589117,0.956445550985888,0.987948851594718,0.982159757683312,0.933983449801952,0.951698602044169,0.880384264520754,0.917217439932309,0.959820464414111,0.93878959536587,0.988346255214974,0.942553686625286,0.8230702962393,0.997044311059337,0.982551298542238,0.974133744947255,0.981601565980685,0.955584630239027,0.985363910125576,0.810738051817705,0.868230308265216,0.736381256006584,0.978821005192627,0.993410209512017,0.912291386122185,0.993912271550078,0.999075824434779,0.947728433950917,0.999175696660638,0.926464108794961,0.820116704640758,0.920317751871617,0.962375817711652,0.995582951377839,0.945311163907853,0.879674175384643
0.989707046773812,0.985767797657116,0.978293547070485,0.982094151773676,0.98352148888121,0.991790691437721,0.986030045747302,0.978941247352379,0.976430327451549,0.990654072589117,1,0.984728623110328,0.959454536537114,0.996073622718767,0.973047689827817,0.984122782311614,0.930694236696385,0.962137138146792,0.987206012443215,0.93124658097443,0.993779347246157,0.97853968008757,0.861619968211726,0.992489500004102,0.961166314787901,0.96944915362396,0.948816072851236,0.986633127204573,0.998172783522739,0.863546699583125,0.926409252716367,0.808116145983991,0.996261550173467,0.992463509971444,0.956356683351692,0.995472850932335,0.993262119631162,0.898886668526093,0.989020272200816,0.967390241743236,0.885538126552672,0.963519185471323,0.988459896949958,0.989519549649849,0.905075858241097,0.935178682398075
0.996657872881398,0.997401644624412,0.997605755800937,0.997020068915669,0.996146578586271,0.996747456856047,0.992341656744763,0.999479289746866,0.995860473985839,0.956445550985888,0.984728623110328,1,0.902423604053546,0.985768725748622,0.982228869068339,0.996764734802534,0.976635839949106,0.990204309290858,0.994276517483402,0.896870827644316,0.975057459366174,0.986480055868723,0.869572221564153,0.960477284238646,0.906480088355845,0.939707770798435,0.886862386429277,0.996981165577009,0.989903001187679,0.915779613877886,0.958243788163509,0.834715627018032,0.990563259462795,0.956827707714776,0.969414976463427,0.965101914059623,0.959397462216613,0.824398065522096,0.952090766418367,0.980386617787157,0.944240472845734,0.979243705722996,0.990774958343627,0.964488829642024,0.832215590397494,0.968657214900399
0.911135743549103,0.899122409147968,0.882638643152575,0.891275585870277,0.894463773695128,0.915877468904485,0.901687868782962,0.889922161406696,0.87671346104287,0.987948851594718,0.959454536537114,0.902423604053546,1,0.942534682408117,0.874733607789257,0.89560933910335,0.798013483084831,0.847926448562734,0.906886895269274,0.920445495579701,0.960436828668291,0.888015273211861,0.771481328176831,0.97873355034451,0.983579325393338,0.951458835813378,0.998987134767367,0.902040410314777,0.947297317704647,0.714911788095601,0.790866073663955,0.655000039535156,0.940014670561139,0.97636746495993,0.846401525138077,0.972937456539274,0.98454555013639,0.984485981844366,0.989709168254959,0.870035651270386,0.733624741847869,0.859599967382412,0.912293501905077,0.980909668090448,0.967328102944531,0.801338135590594
0.989447866356578,0.987670360095987,0.984635185758275,0.98293294399207,0.985498828137812,0.992791099856037,0.99333719501499,0.980140608762244,0.980499063123854,0.982159757683312,0.996073622718767,0.985768725748622,0.942534682408117,1,0.977403605188091,0.98773612573865,0.942764021171247,0.969582183747246,0.993573019541502,0.943952665642614,0.993306624689689,0.979981779799426,0.875983511374861,0.989995759126656,0.95822002782509,0.977899861295251,0.931107150655877,0.987456137652914,0.998010370558568,0.89331826511383,0.932201286080248,0.814265264168884,0.991105913281661,0.986354612952922,0.969198675504519,0.989224879486916,0.986080089058215,0.871030859806911,0.977855440813345,0.964639750025757,0.894434491205029,0.966874300863292,0.994356045043769,0.979183273926963,0.899580491040754,0.943239865691941
0.99156120048618,0.993107721679608,0.987686373969768,0.992911286537043,0.993307289117382,0.991041694230774,0.992321336628964,0.980742954702373,0.993491148086079,0.933983449801952,0.973047689827817,0.982228869068339,0.874733607789257,0.977403605188091,1,0.992171294496769,0.964681235031544,0.989938751799108,0.987374387674195,0.879016475638241,0.958790627029051,0.997176108610073,0.884661351914225,0.945222665064195,0.890693318675302,0.920899053096829,0.857404510394689,0.993156026471257,0.975787273727588,0.90797988006651,0.985872090464894,0.911365100206385,0.982498501891939,0.955346483486404,0.99210154381845,0.961391345218515,0.943909631419618,0.782079842245646,0.932474678143824,0.994361822771611,0.941271046306103,0.993359530917911,0.98824941932557,0.932655336077838,0.804970550616041,0.987649327436328
0.997075191940542,0.999131890950746,0.997590021134075,0.998218573150501,0.997041836696689,0.998425357896109,0.997544649637366,0.995415437858156,0.998153091771801,0.951698602044169,0.984122782311614,0.996764734802534,0.89560933910335,0.98773612573865,0.992171294496769,1,0.972965082929646,0.99519447776449,0.997982024306905,0.906262665885586,0.976914223760568,0.995558950387659,0.896326043664461,0.96029747194133,0.909384671823805,0.943560296931981,0.880481317297165,0.999181151085906,0.987879067439309,0.912728521585077,0.968939847711075,0.858136465182485,0.988956629562592,0.960692318160065,0.985459204626054,0.966519848777058,0.957976930132383,0.810252073013841,0.947285680027179,0.988940543840087,0.951201220697523,0.991102545179234,0.996698254839168,0.957767869407022,0.833818139048598,0.976312748627115
0.969723086468325,0.974633456522657,0.984783709174654,0.977156463200484,0.977915256182763,0.965997013538646,0.968131742152677,0.981632264136719,0.982919005410677,0.880384264520754,0.930694236696385,0.976635839949106,0.798013483084831,0.942764021171247,0.964681235031544,0.972965082929646,1,0.984380524192818,0.965706531060862,0.818874187637993,0.911749655976042,0.958693386378602,0.8224918983418,0.890163441762475,0.81027811099365,0.871617610088786,0.77487600793294,0.971203464709853,0.946942203222241,0.970616683880064,0.970523624266373,0.868251781653646,0.949077293531263,0.884205548320987,0.956289006807723,0.899969480571194,0.884590823604251,0.696250769352576,0.8738311619327,0.956579922460362,0.958906833986628,0.957334532392023,0.957132277789711,0.888205838597692,0.710659164009608,0.982885633217401
0.988336376740778,0.993414842756831,0.995068123877058,0.994215388056328,0.991861482263716,0.988824121310848,0.990340394478554,0.991466063078434,0.997163761796638,0.917217439932309,0.962137138146792,0.990204309290858,0.847926448562734,0.969582183747246,0.989938751799108,0.99519447776449,0.984380524192818,1,0.989978716024513,0.876583029567585,0.953211715123656,0.991504458017321,0.898630422899252,0.929010654130694,0.866861725198032,0.914433376907047,0.830144147787878,0.992917289360038,0.969109104688007,0.929170732484511,0.98093585853992,0.877695344075258,0.972387858767382,0.930042373711663,0.987677277000943,0.937825916501001,0.925306078232578,0.750205751767166,0.911652248943093,0.987992600518931,0.973719445922938,0.9925541980154,0.987159828653541,0.926660233648391,0.780406851034334,0.987339982048259
0.993915400964319,0.995929048141489,0.995625400190382,0.993208949844427,0.992934090377695,0.997120344645647,0.998845603333102,0.991447058666457,0.993438137527948,0.959820464414111,0.987206012443215,0.994276517483402,0.906886895269274,0.993573019541502,0.987374387674195,0.997982024306905,0.965706531060862,0.989978716024513,1,0.929402460431827,0.985018847103753,0.991203514437092,0.903485011405712,0.970455024367032,0.927351634088998,0.961433646198073,0.893465370871277,0.995765586416797,0.99121745180417,0.912737809964868,0.955604036210507,0.836926204580443,0.987122902671205,0.967251081838453,0.984720957373182,0.971289845601605,0.965752586271612,0.822784422023521,0.953923672825212,0.979626517459874,0.938944884697,0.985338719721877,0.999327918831501,0.964081191154618,0.858862663888522,0.965258491092157
0.893823584643211,0.895405831850269,0.894527694551734,0.882935676745992,0.883249885864075,0.909606661879698,0.92056258116673,0.884252162647183,0.881175163870779,0.93878959536587,0.93124658097443,0.896870827644316,0.920445495579701,0.943952665642614,0.879016475638241,0.906262665885586,0.818874187637993,0.876583029567585,0.929402460431827,1,0.963966179075842,0.894470437593571,0.910785990607687,0.957177694283477,0.972047476216876,0.989939940563967,0.922177116119474,0.897007528743388,0.927774124988854,0.777994035357136,0.793480127813478,0.632764073724359,0.899330635441372,0.939745425804059,0.899804264457463,0.928057742122247,0.943902140951682,0.859927960300488,0.926603209373976,0.858826506904311,0.799334055135229,0.884092929193843,0.935707674448325,0.939379043168387,0.960267820290685,0.809773759049173
0.976147038043475,0.974312582074232,0.96842623893403,0.968475469948056,0.968295305778924,0.98253065031925,0.980305744714653,0.967585249774524,0.963598009438924,0.988346255214974,0.993779347246157,0.975057459366174,0.960436828668291,0.993306624689689,0.958790627029051,0.976914223760568,0.911749655976042,0.953211715123656,0.985018847103753,0.963966179075842,1,0.969480825863218,0.896183572655045,0.994296152585782,0.975306688247739,0.987235131673501,0.953654898872428,0.975819148326125,0.990721858238493,0.845073636068071,0.900774301059567,0.763335820840118,0.981923008936482,0.989083409357974,0.953084024034288,0.987558776435805,0.991675380140446,0.899694661084822,0.983416690189046,0.952083672891755,0.881386883863852,0.957008779811455,0.987605357319343,0.9908583439282,0.932064501585059,0.911474419297305
0.992745472464301,0.994780771034633,0.988284202818391,0.994432161405268,0.992503875698032,0.993870938241601,0.99284367562663,0.984546094973308,0.99374359640473,0.942553686625286,0.97853968008757,0.986480055868723,0.888015273211861,0.979981779799426,0.997176108610073,0.995558950387659,0.958693386378602,0.991504458017321,0.991203514437092,0.894470437593571,0.969480825863218,1,0.905983339475164,0.952299086991045,0.902488328292453,0.930621272206087,0.87301425741558,0.995878629270321,0.978725146107425,0.889200256696216,0.977421123910064,0.887301819673986,0.984927289103728,0.960947338146788,0.990655337093716,0.964940889444597,0.951975188352767,0.800345407879216,0.940369664778468,0.996845859222005,0.949247794064248,0.997535956818244,0.99253296390064,0.946660542230576,0.824043901374769,0.97920751591756
0.864723605343208,0.878318542494021,0.875060070574732,0.873026216321562,0.861715108400142,0.880769973786795,0.894227198221557,0.8640235801282,0.877595751031434,0.8230702962393,0.861619968211726,0.869572221564153,0.771481328176831,0.875983511374861,0.884661351914225,0.896326043664461,0.8224918983418,0.898630422899252,0.903485011405712,0.910785990607687,0.896183572655045,0.905983339475164,1,0.851829714518162,0.839242788191192,0.886948219185216,0.769348407173724,0.882874328323151,0.855489632210064,0.746792817269988,0.844822387170795,0.719568464744084,0.845628015761606,0.851944618371611,0.924860621446435,0.838363563336197,0.840619222466712,0.672564735839121,0.810190321272341,0.888762281103882,0.904551613120924,0.923206104300443,0.911204257857297,0.84470978592488,0.798328650256811,0.844989105839536
0.96631960717151,0.960725762190966,0.952690697653044,0.953719025730267,0.956876737237589,0.971445889308009,0.968040266004426,0.951201937219968,0.946793891670171,0.997044311059337,0.992489500004102,0.960477284238646,0.97873355034451,0.989995759126656,0.945222665064195,0.96029747194133,0.890163441762475,0.929010654130694,0.970455024367032,0.957177694283477,0.994296152585782,0.952299086991045,0.851829714518162,1,0.986914492534116,0.986505016862551,0.972300448059844,0.96174435478144,0.988723975268126,0.830400753640043,0.880057940274382,0.751586592347798,0.97904334896674,0.995622081015464,0.932162482852964,0.994667678603428,0.998486743306758,0.928120991091826,0.99429417115332,0.933176093919285,0.834816436691015,0.932865622670698,0.973749667503271,0.991397760803494,0.947974426760949,0.891627052505133
0.91426424906292,0.907190457223569,0.895855812964318,0.896338753707546,0.89986822921413,0.924001816792342,0.922562209014167,0.892558498994137,0.88716686771621,0.982551298542238,0.961166314787901,0.906480088355845,0.983579325393338,0.95822002782509,0.890693318675302,0.909384671823805,0.81027811099365,0.866861725198032,0.927351634088998,0.972047476216876,0.975306688247739,0.902488328292453,0.839242788191192,0.986914492534116,1,0.98543153870648,0.98389435973213,0.909451302739478,0.952049886107363,0.749929632211929,0.802549575597859,0.665250341704047,0.93487180372785,0.980202783269803,0.883935310929868,0.972220866752516,0.983866795812346,0.947484255441548,0.978992200886933,0.875164801171626,0.757891813562419,0.879981069563546,0.934626440867783,0.973637493977409,0.985895260658999,0.814715036875674
0.939479069861093,0.938094640343094,0.936500411567822,0.927976311587846,0.930554765921292,0.950063343202912,0.956010566871482,0.929108388090388,0.924973249277342,0.974133744947255,0.96944915362396,0.939707770798435,0.951458835813378,0.977899861295251,0.920899053096829,0.943560296931981,0.871617610088786,0.914433376907047,0.961433646198073,0.989939940563967,0.987235131673501,0.930621272206087,0.886948219185216,0.986505016862551,0.98543153870648,1,0.948279054258095,0.938632880184865,0.968396506709986,0.830355959206151,0.846062178941668,0.697399157385538,0.946683780618844,0.972528661634921,0.926855761038996,0.967126800787985,0.977058735179223,0.891697292413339,0.965343316524038,0.901209795134434,0.827748272556479,0.915578180668436,0.965232429979628,0.970964188241935,0.958065967007061,0.8622311017663
0.895204384179799,0.883024183573001,0.865630244119969,0.874364459524528,0.877053281257804,0.901291135218336,0.886973768247139,0.873320114784886,0.859056058039131,0.981601565980685,0.948816072851236,0.886862386429277,0.998987134767367,0.931107150655877,0.857404510394689,0.880481317297165,0.77487600793294,0.830144147787878,0.893465370871277,0.922177116119474,0.953654898872428,0.87301425741558,0.769348407173724,0.972300448059844,0.98389435973213,0.948279054258095,1,0.886452261456799,0.934932536198674,0.688883583093858,0.76765809318774,0.626809789888076,0.925987703541625,0.969096690468087,0.830801954626255,0.963692143627634,0.978035301319479,0.988035555859577,0.983040882052758,0.853317511808494,0.714766640208353,0.844374701731077,0.89980241310319,0.975218747928521,0.974874595382826,0.77820379143153
0.999082667897248,0.999821107196169,0.996492018802648,0.999427937027939,0.998619735633145,0.999222755621299,0.996080870160075,0.995656462598913,0.998195198705345,0.955584630239027,0.986633127204573,0.996981165577009,0.902040410314777,0.987456137652914,0.993156026471257,0.999181151085906,0.971203464709853,0.992917289360038,0.995765586416797,0.897007528743388,0.975819148326125,0.995878629270321,0.882874328323151,0.96174435478144,0.909451302739478,0.938632880184865,0.886452261456799,1,0.989487755606648,0.907055477314332,0.970883289450047,0.865167329065353,0.993072735477465,0.964348366353813,0.981646705599351,0.971003132299436,0.961341656340553,0.820309499946486,0.952726353541864,0.991291817110029,0.945177263423008,0.989790881612194,0.994547706761522,0.960425546233378,0.832538495957717,0.977254484224715
0.992785806898706,0.989692623488282,0.985962017279464,0.986174304074502,0.988557851443184,0.994276168514836,0.99066173010997,0.985215876444872,0.98233975625699,0.985363910125576,0.998172783522739,0.989903001187679,0.947297317704647,0.998010370558568,0.975787273727588,0.987879067439309,0.946942203222241,0.969109104688007,0.99121745180417,0.927774124988854,0.990721858238493,0.978725146107425,0.855489632210064,0.988723975268126,0.952049886107363,0.968396506709986,0.934932536198674,0.989487755606648,1,0.891142742380898,0.93348472300136,0.813692898705556,0.996198050262226,0.985566081395825,0.960501427320928,0.990607544314549,0.98746106210462,0.88124035798339,0.982451024424332,0.966607894278269,0.894062424859296,0.963990152592418,0.990754987446751,0.983815440566721,0.8911417502999,0.944603537903725
0.908038825514383,0.914486434931337,0.936213356462732,0.914319334652467,0.921765890497785,0.90438922183797,0.920095416083872,0.921114088157699,0.926754886791551,0.810738051817705,0.863546699583125,0.915779613877886,0.714911788095601,0.89331826511383,0.90797988006651,0.912728521585077,0.970616683880064,0.929170732484511,0.912737809964868,0.777994035357136,0.845073636068071,0.889200256696216,0.746792817269988,0.830400753640043,0.749929632211929,0.830355959206151,0.688883583093858,0.907055477314332,0.891142742380898,1,0.917864845394175,0.829641933912427,0.880753657016574,0.814281923371721,0.910473889291871,0.833049587290948,0.814536958908204,0.599282517518685,0.799822321955779,0.876986980026756,0.8902557100778,0.885524976097382,0.901534192345148,0.806505164285845,0.646480944167916,0.938054143083863
0.967773752878204,0.971759167005637,0.968638830253409,0.975697890534565,0.975251534734909,0.962882110252337,0.964040428392319,0.961540305109323,0.979384134454785,0.868230308265216,0.926409252716367,0.958243788163509,0.790866073663955,0.932201286080248,0.985872090464894,0.968939847711075,0.970523624266373,0.98093585853992,0.955604036210507,0.793480127813478,0.900774301059567,0.977421123910064,0.844822387170795,0.880057940274382,0.802549575597859,0.846062178941668,0.76765809318774,0.970883289450047,0.93348472300136,0.917864845394175,1,0.952769718434224,0.949215033548968,0.895844909478191,0.975534081645571,0.907458710577177,0.880115659466703,0.684359605742959,0.8680421888773,0.984362847886519,0.954968787944664,0.979605230472556,0.953725524237513,0.869322565025331,0.694578443045992,0.998114321469945
0.864202588788286,0.866411833118216,0.855235217987306,0.872963468589244,0.876479416535709,0.85346350107331,0.85811167670757,0.838834603321949,0.878056494794395,0.736381256006584,0.808116145983991,0.834715627018032,0.655000039535156,0.814265264168884,0.911365100206385,0.858136465182485,0.868251781653646,0.877695344075258,0.836926204580443,0.632764073724359,0.763335820840118,0.887301819673986,0.719568464744084,0.751586592347798,0.665250341704047,0.697399157385538,0.626809789888076,0.865167329065353,0.813692898705556,0.829641933912427,0.952769718434224,1,0.84389034004963,0.789523207107905,0.895304819821784,0.80312352409397,0.755089251649482,0.540264805093678,0.743801606199828,0.90553335137996,0.846122972018934,0.890758831554563,0.838892580594144,0.720354177846628,0.537116395842233,0.937798510684219
0.996434155909646,0.992648038241117,0.985340642483546,0.991260551261267,0.9926367328404,0.99555186053314,0.98796313405561,0.987089613261743,0.98621032572265,0.978821005192627,0.996261550173467,0.990563259462795,0.940014670561139,0.991105913281661,0.982498501891939,0.988956629562592,0.949077293531263,0.972387858767382,0.987122902671205,0.899330635441372,0.981923008936482,0.984927289103728,0.845628015761606,0.97904334896674,0.93487180372785,0.946683780618844,0.925987703541625,0.993072735477465,0.996198050262226,0.880753657016574,0.949215033548968,0.84389034004963,1,0.982582877395176,0.960771887273567,0.989147840597195,0.981724215865892,0.874624696274702,0.978729851676467,0.979512601264764,0.902684615631093,0.97118549380363,0.98684189157622,0.978164529563927,0.866317284795465,0.956160043935614
0.968873629485622,0.962481550238719,0.949323142766644,0.956631176885199,0.959430182003162,0.972562163363113,0.967402276593042,0.947469718459227,0.948608408141313,0.993410209512017,0.992463509971444,0.956827707714776,0.97636746495993,0.986354612952922,0.955346483486404,0.960692318160065,0.884205548320987,0.930042373711663,0.967251081838453,0.939745425804059,0.989083409357974,0.960947338146788,0.851944618371611,0.995622081015464,0.980202783269803,0.972528661634921,0.969096690468087,0.964348366353813,0.985566081395825,0.814281923371721,0.895844909478191,0.789523207107905,0.982582877395176,1,0.938639798696416,0.998688278467664,0.997204609089993,0.924841418942848,0.99369210038542,0.946835895395095,0.835823589951978,0.942323938989879,0.972470540063262,0.985389078453832,0.93558987717952,0.901934592430317
0.976066206103938,0.981651114990755,0.979854786320811,0.979750478267382,0.979042132361568,0.979436355337538,0.988438975162196,0.967330987414479,0.983855260522514,0.912291386122185,0.956356683351692,0.969414976463427,0.846401525138077,0.969198675504519,0.99210154381845,0.985459204626054,0.956289006807723,0.987677277000943,0.984720957373182,0.899804264457463,0.953084024034288,0.990655337093716,0.924860621446435,0.932162482852964,0.883935310929868,0.926855761038996,0.830801954626255,0.981646705599351,0.960501427320928,0.910473889291871,0.975534081645571,0.895304819821784,0.960771887273567,0.938639798696416,1,0.941034007845503,0.925242261173964,0.7417180594426,0.906759116383512,0.982189996857626,0.949810158005911,0.992482661455431,0.98669803137804,0.912996580344797,0.802341009085576,0.978246445009537
0.976481732746619,0.969770357849233,0.957963013335481,0.964874095382447,0.968291911312376,0.978441531077381,0.972273077965177,0.95699213546636,0.957190094419298,0.993912271550078,0.995472850932335,0.965101914059623,0.972937456539274,0.989224879486916,0.961391345218515,0.966519848777058,0.899969480571194,0.937825916501001,0.971289845601605,0.928057742122247,0.987558776435805,0.964940889444597,0.838363563336197,0.994667678603428,0.972220866752516,0.967126800787985,0.963692143627634,0.971003132299436,0.990607544314549,0.833049587290948,0.907458710577177,0.80312352409397,0.989147840597195,0.998688278467664,0.941034007845503,1,0.996778148522304,0.920072498950493,0.994613460636674,0.95273007053454,0.844092559084529,0.945623192559969,0.974959514706427,0.985711337078438,0.921619394249636,0.914323775955336
0.966593666358524,0.959744807814669,0.948930598792871,0.953688565229364,0.956247917460331,0.970517656784369,0.96333031811277,0.950316965556589,0.944999239132117,0.999075824434779,0.993262119631162,0.959397462216613,0.98454555013639,0.986080089058215,0.943909631419618,0.957976930132383,0.884590823604251,0.925306078232578,0.965752586271612,0.943902140951682,0.991675380140446,0.951975188352767,0.840619222466712,0.998486743306758,0.983866795812346,0.977058735179223,0.978035301319479,0.961341656340553,0.98746106210462,0.814536958908204,0.880115659466703,0.755089251649482,0.981724215865892,0.997204609089993,0.925242261173964,0.996778148522304,1,0.939301853222518,0.998231053665275,0.936235611873937,0.830982115862599,0.931654345563651,0.969251001140352,0.994184537355213,0.944314957617214,0.889811390637613
0.833232246605759,0.816230019195192,0.794817211230846,0.807796480634653,0.811118442436306,0.837529942731426,0.814717574642423,0.809834893242932,0.787492391778863,0.947728433950917,0.898886668526093,0.824398065522096,0.984485981844366,0.871030859806911,0.782079842245646,0.810252073013841,0.696250769352576,0.750205751767166,0.822784422023521,0.859927960300488,0.899694661084822,0.800345407879216,0.672564735839121,0.928120991091826,0.947484255441548,0.891697292413339,0.988035555859577,0.820309499946486,0.88124035798339,0.599282517518685,0.684359605742959,0.540264805093678,0.874624696274702,0.924841418942848,0.7417180594426,0.920072498950493,0.939301853222518,1,0.952519533046759,0.782907021466931,0.622576297899465,0.764718810139454,0.828903008714715,0.940480156974076,0.951888501195067,0.695352632769128
0.959993022062179,0.951103243734406,0.938838849751561,0.945550513919513,0.948694102576027,0.962417735851425,0.951629413483474,0.943047611836598,0.935054487140928,0.999175696660638,0.989020272200816,0.952090766418367,0.989709168254959,0.977855440813345,0.932474678143824,0.947285680027179,0.8738311619327,0.911652248943093,0.953923672825212,0.926603209373976,0.983416690189046,0.940369664778468,0.810190321272341,0.99429417115332,0.978992200886933,0.965343316524038,0.983040882052758,0.952726353541864,0.982451024424332,0.799822321955779,0.8680421888773,0.743801606199828,0.978729851676467,0.99369210038542,0.906759116383512,0.994613460636674,0.998231053665275,0.952519533046759,1,0.926483600561578,0.811632738858723,0.917015210165363,0.956915078627612,0.993372771591319,0.940465639901492,0.87783496313734
0.988046351964748,0.989782886916665,0.981047288861906,0.991613503239658,0.988585497407504,0.986872642347143,0.982170987018885,0.980043995120315,0.990149813318205,0.926464108794961,0.967390241743236,0.980386617787157,0.870035651270386,0.964639750025757,0.994361822771611,0.988940543840087,0.956579922460362,0.987992600518931,0.979626517459874,0.858826506904311,0.952083672891755,0.996845859222005,0.888762281103882,0.933176093919285,0.875164801171626,0.901209795134434,0.853317511808494,0.991291817110029,0.966607894278269,0.876986980026756,0.984362847886519,0.90553335137996,0.979512601264764,0.946835895395095,0.982189996857626,0.95273007053454,0.936235611873937,0.782907021466931,0.926483600561578,1,0.953453333910628,0.995755076138904,0.980503772753588,0.932445294878849,0.789480996779494,0.982928555448054
0.932591090271734,0.944757352604324,0.950526686649463,0.949434425774864,0.940077013570557,0.933713080136738,0.935141488342842,0.950561319656797,0.956155544321122,0.820116704640758,0.885538126552672,0.944240472845734,0.733624741847869,0.894434491205029,0.941271046306103,0.951201220697523,0.958906833986628,0.973719445922938,0.938944884697,0.799334055135229,0.881386883863852,0.949247794064248,0.904551613120924,0.834816436691015,0.757891813562419,0.827748272556479,0.714766640208353,0.945177263423008,0.894062424859296,0.8902557100778,0.954968787944664,0.846122972018934,0.902684615631093,0.835823589951978,0.949810158005911,0.844092559084529,0.830982115862599,0.622576297899465,0.811632738858723,0.953453333910628,1,0.964887434441464,0.933754234556367,0.846855148807484,0.663210864321954,0.95817710994046
0.983813584917731,0.988378286448352,0.982839643438924,0.988760544040707,0.984918656980295,0.985702199290514,0.986314217544422,0.978374363280594,0.989693362600222,0.920317751871617,0.963519185471323,0.979243705722996,0.859599967382412,0.966874300863292,0.993359530917911,0.991102545179234,0.957334532392023,0.9925541980154,0.985338719721877,0.884092929193843,0.957008779811455,0.997535956818244,0.923206104300443,0.932865622670698,0.879981069563546,0.915578180668436,0.844374701731077,0.989790881612194,0.963990152592418,0.885524976097382,0.979605230472556,0.890758831554563,0.97118549380363,0.942323938989879,0.992482661455431,0.945623192559969,0.931654345563651,0.764718810139454,0.917015210165363,0.995755076138904,0.964887434441464,1,0.986693467708586,0.92841398452074,0.798566727053045,0.979889637754498
0.992450282559898,0.994257133539553,0.992110774628892,0.991058650449646,0.990693343117748,0.99632391688897,0.998461356291373,0.98703713025874,0.990827957643612,0.962375817711652,0.988459896949958,0.990774958343627,0.912293501905077,0.994356045043769,0.98824941932557,0.996698254839168,0.957132277789711,0.987159828653541,0.999327918831501,0.935707674448325,0.987605357319343,0.99253296390064,0.911204257857297,0.973749667503271,0.934626440867783,0.965232429979628,0.89980241310319,0.994547706761522,0.990754987446751,0.901534192345148,0.953725524237513,0.838892580594144,0.98684189157622,0.972470540063262,0.98669803137804,0.974959514706427,0.969251001140352,0.828903008714715,0.956915078627612,0.980503772753588,0.933754234556367,0.986693467708586,1,0.96545877047982,0.868496181959307,0.962001887224785
0.964145263502503,0.958364792170139,0.949552822136549,0.953424587373408,0.953093318209108,0.968444562183927,0.957209697208453,0.95693364489619,0.944065448204284,0.995582951377839,0.989519549649849,0.964488829642024,0.980909668090448,0.979183273926963,0.932655336077838,0.957767869407022,0.888205838597692,0.926660233648391,0.964081191154618,0.939379043168387,0.9908583439282,0.946660542230576,0.84470978592488,0.991397760803494,0.973637493977409,0.970964188241935,0.975218747928521,0.960425546233378,0.983815440566721,0.806505164285845,0.869322565025331,0.720354177846628,0.978164529563927,0.985389078453832,0.912996580344797,0.985711337078438,0.994184537355213,0.940480156974076,0.993372771591319,0.932445294878849,0.846855148807484,0.92841398452074,0.96545877047982,1,0.93747249847911,0.881101650208039
0.837576520764974,0.829030863187689,0.815944636830841,0.815008084619112,0.81786270754282,0.851611339209409,0.849416979643327,0.81462780074695,0.803029861362678,0.945311163907853,0.905075858241097,0.832215590397494,0.967328102944531,0.899580491040754,0.804970550616041,0.833818139048598,0.710659164009608,0.780406851034334,0.858862663888522,0.960267820290685,0.932064501585059,0.824043901374769,0.798328650256811,0.947974426760949,0.985895260658999,0.958065967007061,0.974874595382826,0.832538495957717,0.8911417502999,0.646480944167916,0.694578443045992,0.537116395842233,0.866317284795465,0.93558987717952,0.802341009085576,0.921619394249636,0.944314957617214,0.951888501195067,0.940465639901492,0.789480996779494,0.663210864321954,0.798566727053045,0.868496181959307,0.93747249847911,1,0.709062681148902
0.974836440444783,0.97886355622872,0.978995967951873,0.982043932312271,0.982396550184303,0.970438144108598,0.972587891450402,0.971966697881466,0.986314439813749,0.879674175384643,0.935178682398075,0.968657214900399,0.801338135590594,0.943239865691941,0.987649327436328,0.976312748627115,0.982885633217401,0.987339982048259,0.965258491092157,0.809773759049173,0.911474419297305,0.97920751591756,0.844989105839536,0.891627052505133,0.814715036875674,0.8622311017663,0.77820379143153,0.977254484224715,0.944603537903725,0.938054143083863,0.998114321469945,0.937798510684219,0.956160043935614,0.901934592430317,0.978246445009537,0.914323775955336,0.889811390637613,0.695352632769128,0.87783496313734,0.982928555448054,0.95817710994046,0.979889637754498,0.962001887224785,0.881101650208039,0.709062681148902,1
